(kicad_pcb (version 20171130) (host pcbnew 5.0.2-bee76a0~70~ubuntu18.04.1)

  (general
    (thickness 1.6)
    (drawings 10)
    (tracks 1444)
    (zones 0)
    (modules 92)
    (nets 63)
  )

  (page A4)
  (layers
    (0 F.Cu signal)
    (31 B.Cu signal)
    (32 B.Adhes user)
    (33 F.Adhes user)
    (34 B.Paste user)
    (35 F.Paste user)
    (36 B.SilkS user)
    (37 F.SilkS user)
    (38 B.Mask user)
    (39 F.Mask user)
    (40 Dwgs.User user)
    (41 Cmts.User user)
    (42 Eco1.User user)
    (43 Eco2.User user)
    (44 Edge.Cuts user)
    (45 Margin user)
    (46 B.CrtYd user)
    (47 F.CrtYd user)
    (48 B.Fab user)
    (49 F.Fab user)
  )

  (setup
    (last_trace_width 0.25)
    (trace_clearance 0.2)
    (zone_clearance 0.508)
    (zone_45_only no)
    (trace_min 0.2)
    (segment_width 0.2)
    (edge_width 0.15)
    (via_size 0.8)
    (via_drill 0.4)
    (via_min_size 0.4)
    (via_min_drill 0.3)
    (uvia_size 0.3)
    (uvia_drill 0.1)
    (uvias_allowed no)
    (uvia_min_size 0.2)
    (uvia_min_drill 0.1)
    (pcb_text_width 0.3)
    (pcb_text_size 1.5 1.5)
    (mod_edge_width 0.15)
    (mod_text_size 1 1)
    (mod_text_width 0.15)
    (pad_size 1.524 1.524)
    (pad_drill 0.762)
    (pad_to_mask_clearance 0.051)
    (solder_mask_min_width 0.25)
    (aux_axis_origin 0 0)
    (visible_elements FFFFFF7F)
    (pcbplotparams
      (layerselection 0x010fc_ffffffff)
      (usegerberextensions false)
      (usegerberattributes false)
      (usegerberadvancedattributes false)
      (creategerberjobfile false)
      (excludeedgelayer true)
      (linewidth 0.100000)
      (plotframeref false)
      (viasonmask false)
      (mode 1)
      (useauxorigin false)
      (hpglpennumber 1)
      (hpglpenspeed 20)
      (hpglpendiameter 15.000000)
      (psnegative false)
      (psa4output false)
      (plotreference true)
      (plotvalue true)
      (plotinvisibletext false)
      (padsonsilk false)
      (subtractmaskfromsilk false)
      (outputformat 1)
      (mirror false)
      (drillshape 0)
      (scaleselection 1)
      (outputdirectory "../../Desktop/print_board/"))
  )

  (net 0 "")
  (net 1 GND)
  (net 2 /OUT_0)
  (net 3 /OUT_1)
  (net 4 /OUT_2)
  (net 5 /OUT_3)
  (net 6 /OUT_4)
  (net 7 /OUT_5)
  (net 8 VCC)
  (net 9 "Net-(IC1-Pad4)")
  (net 10 "Net-(IC2-Pad4)")
  (net 11 "Net-(IC3-Pad4)")
  (net 12 "Net-(IC4-Pad4)")
  (net 13 "Net-(IC5-Pad4)")
  (net 14 "Net-(IC6-Pad4)")
  (net 15 /SD_IN)
  (net 16 /SC_IN)
  (net 17 /Reset)
  (net 18 /A0)
  (net 19 /A1)
  (net 20 /A2)
  (net 21 "Net-(JP1-Pad1)")
  (net 22 "Net-(JP2-Pad1)")
  (net 23 /SD5)
  (net 24 /SD5_2.8)
  (net 25 /SC5_2.8)
  (net 26 /SC5)
  (net 27 /SD4)
  (net 28 /SD4_2.8)
  (net 29 /SC4)
  (net 30 /SC4_2.8)
  (net 31 /SD3)
  (net 32 /SD3_2.8)
  (net 33 /SC3_2.8)
  (net 34 /SC3)
  (net 35 /SD2_2.8)
  (net 36 /SD2)
  (net 37 /SD0_2.8)
  (net 38 /SD0)
  (net 39 /SD1)
  (net 40 /SD1_2.8)
  (net 41 /SC2_2.8)
  (net 42 /SC2)
  (net 43 /SC0)
  (net 44 /SC0_2.8)
  (net 45 /SC1_2.8)
  (net 46 /SC1)
  (net 47 "Net-(R1-Pad2)")
  (net 48 "Net-(R2-Pad2)")
  (net 49 "Net-(R3-Pad2)")
  (net 50 "Net-(R4-Pad2)")
  (net 51 "Net-(R5-Pad2)")
  (net 52 "Net-(R6-Pad2)")
  (net 53 "Net-(R7-Pad2)")
  (net 54 "Net-(R8-Pad2)")
  (net 55 "Net-(R9-Pad2)")
  (net 56 "Net-(R10-Pad2)")
  (net 57 "Net-(R11-Pad2)")
  (net 58 "Net-(R15-Pad2)")
  (net 59 "Net-(U2-Pad17)")
  (net 60 "Net-(U2-Pad18)")
  (net 61 "Net-(U2-Pad19)")
  (net 62 "Net-(U2-Pad20)")

  (net_class Default "This is the default net class."
    (clearance 0.2)
    (trace_width 0.25)
    (via_dia 0.8)
    (via_drill 0.4)
    (uvia_dia 0.3)
    (uvia_drill 0.1)
    (add_net /A0)
    (add_net /A1)
    (add_net /A2)
    (add_net /OUT_0)
    (add_net /OUT_1)
    (add_net /OUT_2)
    (add_net /OUT_3)
    (add_net /OUT_4)
    (add_net /OUT_5)
    (add_net /Reset)
    (add_net /SC0)
    (add_net /SC0_2.8)
    (add_net /SC1)
    (add_net /SC1_2.8)
    (add_net /SC2)
    (add_net /SC2_2.8)
    (add_net /SC3)
    (add_net /SC3_2.8)
    (add_net /SC4)
    (add_net /SC4_2.8)
    (add_net /SC5)
    (add_net /SC5_2.8)
    (add_net /SC_IN)
    (add_net /SD0)
    (add_net /SD0_2.8)
    (add_net /SD1)
    (add_net /SD1_2.8)
    (add_net /SD2)
    (add_net /SD2_2.8)
    (add_net /SD3)
    (add_net /SD3_2.8)
    (add_net /SD4)
    (add_net /SD4_2.8)
    (add_net /SD5)
    (add_net /SD5_2.8)
    (add_net /SD_IN)
    (add_net GND)
    (add_net "Net-(IC1-Pad4)")
    (add_net "Net-(IC2-Pad4)")
    (add_net "Net-(IC3-Pad4)")
    (add_net "Net-(IC4-Pad4)")
    (add_net "Net-(IC5-Pad4)")
    (add_net "Net-(IC6-Pad4)")
    (add_net "Net-(JP1-Pad1)")
    (add_net "Net-(JP2-Pad1)")
    (add_net "Net-(R1-Pad2)")
    (add_net "Net-(R10-Pad2)")
    (add_net "Net-(R11-Pad2)")
    (add_net "Net-(R15-Pad2)")
    (add_net "Net-(R2-Pad2)")
    (add_net "Net-(R3-Pad2)")
    (add_net "Net-(R4-Pad2)")
    (add_net "Net-(R5-Pad2)")
    (add_net "Net-(R6-Pad2)")
    (add_net "Net-(R7-Pad2)")
    (add_net "Net-(R8-Pad2)")
    (add_net "Net-(R9-Pad2)")
    (add_net "Net-(U2-Pad17)")
    (add_net "Net-(U2-Pad18)")
    (add_net "Net-(U2-Pad19)")
    (add_net "Net-(U2-Pad20)")
    (add_net VCC)
  )

  (module "Capacitor _0.1uf:CAPC0603X33N" (layer F.Cu) (tedit 5C348000) (tstamp 5C352294)
    (at 179.045 80.01)
    (path /5BEBF14D)
    (attr smd)
    (fp_text reference C1 (at -0.94 0) (layer F.SilkS)
      (effects (font (size 0.200226 0.200226) (thickness 0.05)))
    )
    (fp_text value 0.1uf (at -0.116934 0.725272) (layer F.SilkS) hide
      (effects (font (size 0.200161 0.200161) (thickness 0.05)))
    )
    (fp_circle (center -0.9 -0.05) (end -0.85 -0.05) (layer F.SilkS) (width 0.1))
    (fp_line (start 0.72 -0.54) (end -0.72 -0.54) (layer Eco1.User) (width 0.05))
    (fp_line (start 0.72 0.54) (end 0.72 -0.54) (layer Eco1.User) (width 0.05))
    (fp_line (start -0.72 0.54) (end 0.72 0.54) (layer Eco1.User) (width 0.05))
    (fp_line (start -0.72 -0.54) (end -0.72 0.54) (layer Eco1.User) (width 0.05))
    (fp_line (start -0.32 0.17) (end -0.32 -0.17) (layer Dwgs.User) (width 0.127))
    (fp_line (start 0.32 0.17) (end -0.32 0.17) (layer Dwgs.User) (width 0.127))
    (fp_line (start 0.32 -0.17) (end 0.32 0.17) (layer Dwgs.User) (width 0.127))
    (fp_line (start -0.32 -0.17) (end 0.32 -0.17) (layer Dwgs.User) (width 0.127))
    (fp_line (start -0.3 0.38) (end 0.3 0.38) (layer F.SilkS) (width 0.127))
    (fp_line (start -0.3 -0.38) (end 0.3 -0.38) (layer F.SilkS) (width 0.127))
    (pad 2 smd rect (at 0.33 0) (size 0.42 0.46) (layers F.Cu F.Paste F.Mask)
      (net 1 GND))
    (pad 1 smd rect (at -0.33 0) (size 0.42 0.46) (layers F.Cu F.Paste F.Mask)
      (net 2 /OUT_0))
  )

  (module "Capacitor _0.1uf:CAPC0603X33N" (layer F.Cu) (tedit 0) (tstamp 5C352264)
    (at 179.045 82.55)
    (path /5BEDF512)
    (attr smd)
    (fp_text reference C2 (at -0.244859 -0.77893) (layer F.SilkS)
      (effects (font (size 0.200226 0.200226) (thickness 0.05)))
    )
    (fp_text value 0.1uf (at -0.116934 0.725272) (layer F.SilkS)
      (effects (font (size 0.200161 0.200161) (thickness 0.05)))
    )
    (fp_line (start -0.3 -0.38) (end 0.3 -0.38) (layer F.SilkS) (width 0.127))
    (fp_line (start -0.3 0.38) (end 0.3 0.38) (layer F.SilkS) (width 0.127))
    (fp_line (start -0.32 -0.17) (end 0.32 -0.17) (layer Dwgs.User) (width 0.127))
    (fp_line (start 0.32 -0.17) (end 0.32 0.17) (layer Dwgs.User) (width 0.127))
    (fp_line (start 0.32 0.17) (end -0.32 0.17) (layer Dwgs.User) (width 0.127))
    (fp_line (start -0.32 0.17) (end -0.32 -0.17) (layer Dwgs.User) (width 0.127))
    (fp_line (start -0.72 -0.54) (end -0.72 0.54) (layer Eco1.User) (width 0.05))
    (fp_line (start -0.72 0.54) (end 0.72 0.54) (layer Eco1.User) (width 0.05))
    (fp_line (start 0.72 0.54) (end 0.72 -0.54) (layer Eco1.User) (width 0.05))
    (fp_line (start 0.72 -0.54) (end -0.72 -0.54) (layer Eco1.User) (width 0.05))
    (fp_circle (center -0.9 -0.05) (end -0.85 -0.05) (layer F.SilkS) (width 0.1))
    (pad 1 smd rect (at -0.33 0) (size 0.42 0.46) (layers F.Cu F.Paste F.Mask)
      (net 3 /OUT_1))
    (pad 2 smd rect (at 0.33 0) (size 0.42 0.46) (layers F.Cu F.Paste F.Mask)
      (net 1 GND))
  )

  (module "Capacitor _0.1uf:CAPC0603X33N" (layer F.Cu) (tedit 0) (tstamp 5C352234)
    (at 179.045 85.09)
    (path /5BEDFF83)
    (attr smd)
    (fp_text reference C3 (at -0.244859 -0.77893) (layer F.SilkS)
      (effects (font (size 0.200226 0.200226) (thickness 0.05)))
    )
    (fp_text value 0.1uf (at -0.116934 0.725272) (layer F.SilkS)
      (effects (font (size 0.200161 0.200161) (thickness 0.05)))
    )
    (fp_line (start -0.3 -0.38) (end 0.3 -0.38) (layer F.SilkS) (width 0.127))
    (fp_line (start -0.3 0.38) (end 0.3 0.38) (layer F.SilkS) (width 0.127))
    (fp_line (start -0.32 -0.17) (end 0.32 -0.17) (layer Dwgs.User) (width 0.127))
    (fp_line (start 0.32 -0.17) (end 0.32 0.17) (layer Dwgs.User) (width 0.127))
    (fp_line (start 0.32 0.17) (end -0.32 0.17) (layer Dwgs.User) (width 0.127))
    (fp_line (start -0.32 0.17) (end -0.32 -0.17) (layer Dwgs.User) (width 0.127))
    (fp_line (start -0.72 -0.54) (end -0.72 0.54) (layer Eco1.User) (width 0.05))
    (fp_line (start -0.72 0.54) (end 0.72 0.54) (layer Eco1.User) (width 0.05))
    (fp_line (start 0.72 0.54) (end 0.72 -0.54) (layer Eco1.User) (width 0.05))
    (fp_line (start 0.72 -0.54) (end -0.72 -0.54) (layer Eco1.User) (width 0.05))
    (fp_circle (center -0.9 -0.05) (end -0.85 -0.05) (layer F.SilkS) (width 0.1))
    (pad 1 smd rect (at -0.33 0) (size 0.42 0.46) (layers F.Cu F.Paste F.Mask)
      (net 4 /OUT_2))
    (pad 2 smd rect (at 0.33 0) (size 0.42 0.46) (layers F.Cu F.Paste F.Mask)
      (net 1 GND))
  )

  (module "Capacitor _0.1uf:CAPC0603X33N" (layer F.Cu) (tedit 0) (tstamp 5C352204)
    (at 179.045 87.63)
    (path /5BEE5E1C)
    (attr smd)
    (fp_text reference C4 (at -0.244859 -0.77893) (layer F.SilkS)
      (effects (font (size 0.200226 0.200226) (thickness 0.05)))
    )
    (fp_text value 0.1uf (at -0.116934 0.725272) (layer F.SilkS)
      (effects (font (size 0.200161 0.200161) (thickness 0.05)))
    )
    (fp_circle (center -0.9 -0.05) (end -0.85 -0.05) (layer F.SilkS) (width 0.1))
    (fp_line (start 0.72 -0.54) (end -0.72 -0.54) (layer Eco1.User) (width 0.05))
    (fp_line (start 0.72 0.54) (end 0.72 -0.54) (layer Eco1.User) (width 0.05))
    (fp_line (start -0.72 0.54) (end 0.72 0.54) (layer Eco1.User) (width 0.05))
    (fp_line (start -0.72 -0.54) (end -0.72 0.54) (layer Eco1.User) (width 0.05))
    (fp_line (start -0.32 0.17) (end -0.32 -0.17) (layer Dwgs.User) (width 0.127))
    (fp_line (start 0.32 0.17) (end -0.32 0.17) (layer Dwgs.User) (width 0.127))
    (fp_line (start 0.32 -0.17) (end 0.32 0.17) (layer Dwgs.User) (width 0.127))
    (fp_line (start -0.32 -0.17) (end 0.32 -0.17) (layer Dwgs.User) (width 0.127))
    (fp_line (start -0.3 0.38) (end 0.3 0.38) (layer F.SilkS) (width 0.127))
    (fp_line (start -0.3 -0.38) (end 0.3 -0.38) (layer F.SilkS) (width 0.127))
    (pad 2 smd rect (at 0.33 0) (size 0.42 0.46) (layers F.Cu F.Paste F.Mask)
      (net 1 GND))
    (pad 1 smd rect (at -0.33 0) (size 0.42 0.46) (layers F.Cu F.Paste F.Mask)
      (net 5 /OUT_3))
  )

  (module "Capacitor _0.1uf:CAPC0603X33N" (layer F.Cu) (tedit 0) (tstamp 5C3521D4)
    (at 179.045 90.17)
    (path /5BEE1260)
    (attr smd)
    (fp_text reference C5 (at -0.244859 -0.77893) (layer F.SilkS)
      (effects (font (size 0.200226 0.200226) (thickness 0.05)))
    )
    (fp_text value 0.1uf (at -0.116934 0.725272) (layer F.SilkS)
      (effects (font (size 0.200161 0.200161) (thickness 0.05)))
    )
    (fp_circle (center -0.9 -0.05) (end -0.85 -0.05) (layer F.SilkS) (width 0.1))
    (fp_line (start 0.72 -0.54) (end -0.72 -0.54) (layer Eco1.User) (width 0.05))
    (fp_line (start 0.72 0.54) (end 0.72 -0.54) (layer Eco1.User) (width 0.05))
    (fp_line (start -0.72 0.54) (end 0.72 0.54) (layer Eco1.User) (width 0.05))
    (fp_line (start -0.72 -0.54) (end -0.72 0.54) (layer Eco1.User) (width 0.05))
    (fp_line (start -0.32 0.17) (end -0.32 -0.17) (layer Dwgs.User) (width 0.127))
    (fp_line (start 0.32 0.17) (end -0.32 0.17) (layer Dwgs.User) (width 0.127))
    (fp_line (start 0.32 -0.17) (end 0.32 0.17) (layer Dwgs.User) (width 0.127))
    (fp_line (start -0.32 -0.17) (end 0.32 -0.17) (layer Dwgs.User) (width 0.127))
    (fp_line (start -0.3 0.38) (end 0.3 0.38) (layer F.SilkS) (width 0.127))
    (fp_line (start -0.3 -0.38) (end 0.3 -0.38) (layer F.SilkS) (width 0.127))
    (pad 2 smd rect (at 0.33 0) (size 0.42 0.46) (layers F.Cu F.Paste F.Mask)
      (net 1 GND))
    (pad 1 smd rect (at -0.33 0) (size 0.42 0.46) (layers F.Cu F.Paste F.Mask)
      (net 6 /OUT_4))
  )

  (module "Capacitor _0.1uf:CAPC0603X33N" (layer F.Cu) (tedit 0) (tstamp 5C3521A4)
    (at 179.045 92.71)
    (path /5BEE306B)
    (attr smd)
    (fp_text reference C6 (at -0.244859 -0.77893) (layer F.SilkS)
      (effects (font (size 0.200226 0.200226) (thickness 0.05)))
    )
    (fp_text value 0.1uf (at -0.116934 0.725272) (layer F.SilkS)
      (effects (font (size 0.200161 0.200161) (thickness 0.05)))
    )
    (fp_line (start -0.3 -0.38) (end 0.3 -0.38) (layer F.SilkS) (width 0.127))
    (fp_line (start -0.3 0.38) (end 0.3 0.38) (layer F.SilkS) (width 0.127))
    (fp_line (start -0.32 -0.17) (end 0.32 -0.17) (layer Dwgs.User) (width 0.127))
    (fp_line (start 0.32 -0.17) (end 0.32 0.17) (layer Dwgs.User) (width 0.127))
    (fp_line (start 0.32 0.17) (end -0.32 0.17) (layer Dwgs.User) (width 0.127))
    (fp_line (start -0.32 0.17) (end -0.32 -0.17) (layer Dwgs.User) (width 0.127))
    (fp_line (start -0.72 -0.54) (end -0.72 0.54) (layer Eco1.User) (width 0.05))
    (fp_line (start -0.72 0.54) (end 0.72 0.54) (layer Eco1.User) (width 0.05))
    (fp_line (start 0.72 0.54) (end 0.72 -0.54) (layer Eco1.User) (width 0.05))
    (fp_line (start 0.72 -0.54) (end -0.72 -0.54) (layer Eco1.User) (width 0.05))
    (fp_circle (center -0.9 -0.05) (end -0.85 -0.05) (layer F.SilkS) (width 0.1))
    (pad 1 smd rect (at -0.33 0) (size 0.42 0.46) (layers F.Cu F.Paste F.Mask)
      (net 7 /OUT_5))
    (pad 2 smd rect (at 0.33 0) (size 0.42 0.46) (layers F.Cu F.Paste F.Mask)
      (net 1 GND))
  )

  (module 0603-NO:0603-NO (layer F.Cu) (tedit 0) (tstamp 5C352178)
    (at 151.765 86.995 90)
    (path /5BF86705)
    (attr smd)
    (fp_text reference C7 (at 3.4036 -0.2794 90) (layer F.SilkS)
      (effects (font (size 0.64 0.64) (thickness 0.05)))
    )
    (fp_text value 10uf (at 2.794 0.5588 90) (layer F.SilkS)
      (effects (font (size 0.32 0.32) (thickness 0.05)))
    )
    (fp_line (start -1.473 -0.729) (end 1.473 -0.729) (layer Eco1.User) (width 0.0508))
    (fp_line (start 1.473 -0.729) (end 1.473 0.729) (layer Eco1.User) (width 0.0508))
    (fp_line (start 1.473 0.729) (end -1.473 0.729) (layer Eco1.User) (width 0.0508))
    (fp_line (start -1.473 0.729) (end -1.473 -0.729) (layer Eco1.User) (width 0.0508))
    (fp_line (start -0.356 -0.432) (end 0.356 -0.432) (layer Dwgs.User) (width 0.1016))
    (fp_line (start -0.356 0.419) (end 0.356 0.419) (layer Dwgs.User) (width 0.1016))
    (fp_poly (pts (xy -0.8382 -0.4801) (xy -0.3381 -0.4801) (xy -0.3381 0.4699) (xy -0.8382 0.4699)) (layer Dwgs.User) (width 0))
    (fp_poly (pts (xy 0.3302 -0.4801) (xy 0.8303 -0.4801) (xy 0.8303 0.4699) (xy 0.3302 0.4699)) (layer Dwgs.User) (width 0))
    (fp_poly (pts (xy -0.1999 -0.3) (xy 0.1999 -0.3) (xy 0.1999 0.3) (xy -0.1999 0.3)) (layer Dwgs.User) (width 0))
    (pad 1 smd rect (at -0.85 0 90) (size 1.1 1) (layers F.Cu F.Paste F.Mask)
      (net 1 GND))
    (pad 2 smd rect (at 0.85 0 90) (size 1.1 1) (layers F.Cu F.Paste F.Mask)
      (net 8 VCC))
  )

  (module 0603-NO:0603-NO (layer F.Cu) (tedit 5C347F27) (tstamp 5C3524FC)
    (at 175.26 81.28 270)
    (path /5CA991A0)
    (attr smd)
    (fp_text reference C8 (at 0 -1.27 270) (layer F.SilkS)
      (effects (font (size 0.64 0.64) (thickness 0.05)))
    )
    (fp_text value 10uf (at 2.794 0.5588 270) (layer F.SilkS) hide
      (effects (font (size 0.32 0.32) (thickness 0.05)))
    )
    (fp_poly (pts (xy -0.1999 -0.3) (xy 0.1999 -0.3) (xy 0.1999 0.3) (xy -0.1999 0.3)) (layer Dwgs.User) (width 0))
    (fp_poly (pts (xy 0.3302 -0.4801) (xy 0.8303 -0.4801) (xy 0.8303 0.4699) (xy 0.3302 0.4699)) (layer Dwgs.User) (width 0))
    (fp_poly (pts (xy -0.8382 -0.4801) (xy -0.3381 -0.4801) (xy -0.3381 0.4699) (xy -0.8382 0.4699)) (layer Dwgs.User) (width 0))
    (fp_line (start -0.356 0.419) (end 0.356 0.419) (layer Dwgs.User) (width 0.1016))
    (fp_line (start -0.356 -0.432) (end 0.356 -0.432) (layer Dwgs.User) (width 0.1016))
    (fp_line (start -1.473 0.729) (end -1.473 -0.729) (layer Eco1.User) (width 0.0508))
    (fp_line (start 1.473 0.729) (end -1.473 0.729) (layer Eco1.User) (width 0.0508))
    (fp_line (start 1.473 -0.729) (end 1.473 0.729) (layer Eco1.User) (width 0.0508))
    (fp_line (start -1.473 -0.729) (end 1.473 -0.729) (layer Eco1.User) (width 0.0508))
    (pad 2 smd rect (at 0.85 0 270) (size 1.1 1) (layers F.Cu F.Paste F.Mask)
      (net 1 GND))
    (pad 1 smd rect (at -0.85 0 270) (size 1.1 1) (layers F.Cu F.Paste F.Mask)
      (net 8 VCC))
  )

  (module 0603-NO:0603-NO (layer F.Cu) (tedit 5C347F25) (tstamp 5C3524A5)
    (at 172.72 81.28 270)
    (path /5CB8D716)
    (attr smd)
    (fp_text reference C9 (at 0 -1.27 270) (layer F.SilkS)
      (effects (font (size 0.64 0.64) (thickness 0.05)))
    )
    (fp_text value 10uf (at 2.794 0.5588 270) (layer F.SilkS) hide
      (effects (font (size 0.32 0.32) (thickness 0.05)))
    )
    (fp_line (start -1.473 -0.729) (end 1.473 -0.729) (layer Eco1.User) (width 0.0508))
    (fp_line (start 1.473 -0.729) (end 1.473 0.729) (layer Eco1.User) (width 0.0508))
    (fp_line (start 1.473 0.729) (end -1.473 0.729) (layer Eco1.User) (width 0.0508))
    (fp_line (start -1.473 0.729) (end -1.473 -0.729) (layer Eco1.User) (width 0.0508))
    (fp_line (start -0.356 -0.432) (end 0.356 -0.432) (layer Dwgs.User) (width 0.1016))
    (fp_line (start -0.356 0.419) (end 0.356 0.419) (layer Dwgs.User) (width 0.1016))
    (fp_poly (pts (xy -0.8382 -0.4801) (xy -0.3381 -0.4801) (xy -0.3381 0.4699) (xy -0.8382 0.4699)) (layer Dwgs.User) (width 0))
    (fp_poly (pts (xy 0.3302 -0.4801) (xy 0.8303 -0.4801) (xy 0.8303 0.4699) (xy 0.3302 0.4699)) (layer Dwgs.User) (width 0))
    (fp_poly (pts (xy -0.1999 -0.3) (xy 0.1999 -0.3) (xy 0.1999 0.3) (xy -0.1999 0.3)) (layer Dwgs.User) (width 0))
    (pad 1 smd rect (at -0.85 0 270) (size 1.1 1) (layers F.Cu F.Paste F.Mask)
      (net 2 /OUT_0))
    (pad 2 smd rect (at 0.85 0 270) (size 1.1 1) (layers F.Cu F.Paste F.Mask)
      (net 1 GND))
  )

  (module 0603-NO:0603-NO (layer F.Cu) (tedit 5C347E6C) (tstamp 5C35281A)
    (at 160.655 91.44 270)
    (path /5CCE8DF5)
    (attr smd)
    (fp_text reference C10 (at 0 -1.14 270) (layer F.SilkS)
      (effects (font (size 0.64 0.64) (thickness 0.05)))
    )
    (fp_text value 10uf (at 2.794 0.5588 270) (layer F.SilkS) hide
      (effects (font (size 0.32 0.32) (thickness 0.05)))
    )
    (fp_poly (pts (xy -0.1999 -0.3) (xy 0.1999 -0.3) (xy 0.1999 0.3) (xy -0.1999 0.3)) (layer Dwgs.User) (width 0))
    (fp_poly (pts (xy 0.3302 -0.4801) (xy 0.8303 -0.4801) (xy 0.8303 0.4699) (xy 0.3302 0.4699)) (layer Dwgs.User) (width 0))
    (fp_poly (pts (xy -0.8382 -0.4801) (xy -0.3381 -0.4801) (xy -0.3381 0.4699) (xy -0.8382 0.4699)) (layer Dwgs.User) (width 0))
    (fp_line (start -0.356 0.419) (end 0.356 0.419) (layer Dwgs.User) (width 0.1016))
    (fp_line (start -0.356 -0.432) (end 0.356 -0.432) (layer Dwgs.User) (width 0.1016))
    (fp_line (start -1.473 0.729) (end -1.473 -0.729) (layer Eco1.User) (width 0.0508))
    (fp_line (start 1.473 0.729) (end -1.473 0.729) (layer Eco1.User) (width 0.0508))
    (fp_line (start 1.473 -0.729) (end 1.473 0.729) (layer Eco1.User) (width 0.0508))
    (fp_line (start -1.473 -0.729) (end 1.473 -0.729) (layer Eco1.User) (width 0.0508))
    (pad 2 smd rect (at 0.85 0 270) (size 1.1 1) (layers F.Cu F.Paste F.Mask)
      (net 1 GND))
    (pad 1 smd rect (at -0.85 0 270) (size 1.1 1) (layers F.Cu F.Paste F.Mask)
      (net 8 VCC))
  )

  (module 0603-NO:0603-NO (layer F.Cu) (tedit 5C347E6F) (tstamp 5C3527F0)
    (at 163.83 91.44 270)
    (path /5CCE8E05)
    (attr smd)
    (fp_text reference C11 (at 0 -1.27 270) (layer F.SilkS)
      (effects (font (size 0.64 0.64) (thickness 0.05)))
    )
    (fp_text value 10uf (at 2.794 0.5588 270) (layer F.SilkS) hide
      (effects (font (size 0.32 0.32) (thickness 0.05)))
    )
    (fp_line (start -1.473 -0.729) (end 1.473 -0.729) (layer Eco1.User) (width 0.0508))
    (fp_line (start 1.473 -0.729) (end 1.473 0.729) (layer Eco1.User) (width 0.0508))
    (fp_line (start 1.473 0.729) (end -1.473 0.729) (layer Eco1.User) (width 0.0508))
    (fp_line (start -1.473 0.729) (end -1.473 -0.729) (layer Eco1.User) (width 0.0508))
    (fp_line (start -0.356 -0.432) (end 0.356 -0.432) (layer Dwgs.User) (width 0.1016))
    (fp_line (start -0.356 0.419) (end 0.356 0.419) (layer Dwgs.User) (width 0.1016))
    (fp_poly (pts (xy -0.8382 -0.4801) (xy -0.3381 -0.4801) (xy -0.3381 0.4699) (xy -0.8382 0.4699)) (layer Dwgs.User) (width 0))
    (fp_poly (pts (xy 0.3302 -0.4801) (xy 0.8303 -0.4801) (xy 0.8303 0.4699) (xy 0.3302 0.4699)) (layer Dwgs.User) (width 0))
    (fp_poly (pts (xy -0.1999 -0.3) (xy 0.1999 -0.3) (xy 0.1999 0.3) (xy -0.1999 0.3)) (layer Dwgs.User) (width 0))
    (pad 1 smd rect (at -0.85 0 270) (size 1.1 1) (layers F.Cu F.Paste F.Mask)
      (net 7 /OUT_5))
    (pad 2 smd rect (at 0.85 0 270) (size 1.1 1) (layers F.Cu F.Paste F.Mask)
      (net 1 GND))
  )

  (module 0603-NO:0603-NO (layer F.Cu) (tedit 5C347E53) (tstamp 5C3527C6)
    (at 160.655 86.36 270)
    (path /5CCC2F26)
    (attr smd)
    (fp_text reference C12 (at 0 -1.27 270) (layer F.SilkS)
      (effects (font (size 0.64 0.64) (thickness 0.05)))
    )
    (fp_text value 10uf (at 2.794 0.5588 270) (layer F.SilkS) hide
      (effects (font (size 0.32 0.32) (thickness 0.05)))
    )
    (fp_poly (pts (xy -0.1999 -0.3) (xy 0.1999 -0.3) (xy 0.1999 0.3) (xy -0.1999 0.3)) (layer Dwgs.User) (width 0))
    (fp_poly (pts (xy 0.3302 -0.4801) (xy 0.8303 -0.4801) (xy 0.8303 0.4699) (xy 0.3302 0.4699)) (layer Dwgs.User) (width 0))
    (fp_poly (pts (xy -0.8382 -0.4801) (xy -0.3381 -0.4801) (xy -0.3381 0.4699) (xy -0.8382 0.4699)) (layer Dwgs.User) (width 0))
    (fp_line (start -0.356 0.419) (end 0.356 0.419) (layer Dwgs.User) (width 0.1016))
    (fp_line (start -0.356 -0.432) (end 0.356 -0.432) (layer Dwgs.User) (width 0.1016))
    (fp_line (start -1.473 0.729) (end -1.473 -0.729) (layer Eco1.User) (width 0.0508))
    (fp_line (start 1.473 0.729) (end -1.473 0.729) (layer Eco1.User) (width 0.0508))
    (fp_line (start 1.473 -0.729) (end 1.473 0.729) (layer Eco1.User) (width 0.0508))
    (fp_line (start -1.473 -0.729) (end 1.473 -0.729) (layer Eco1.User) (width 0.0508))
    (pad 2 smd rect (at 0.85 0 270) (size 1.1 1) (layers F.Cu F.Paste F.Mask)
      (net 1 GND))
    (pad 1 smd rect (at -0.85 0 270) (size 1.1 1) (layers F.Cu F.Paste F.Mask)
      (net 8 VCC))
  )

  (module 0603-NO:0603-NO (layer F.Cu) (tedit 5C347E4C) (tstamp 5C3525A7)
    (at 163.83 86.36 270)
    (path /5CCC2F36)
    (attr smd)
    (fp_text reference C13 (at 0 -1.27 270) (layer F.SilkS)
      (effects (font (size 0.64 0.64) (thickness 0.05)))
    )
    (fp_text value 10uf (at 2.794 0.5588 270) (layer F.SilkS) hide
      (effects (font (size 0.32 0.32) (thickness 0.05)))
    )
    (fp_line (start -1.473 -0.729) (end 1.473 -0.729) (layer Eco1.User) (width 0.0508))
    (fp_line (start 1.473 -0.729) (end 1.473 0.729) (layer Eco1.User) (width 0.0508))
    (fp_line (start 1.473 0.729) (end -1.473 0.729) (layer Eco1.User) (width 0.0508))
    (fp_line (start -1.473 0.729) (end -1.473 -0.729) (layer Eco1.User) (width 0.0508))
    (fp_line (start -0.356 -0.432) (end 0.356 -0.432) (layer Dwgs.User) (width 0.1016))
    (fp_line (start -0.356 0.419) (end 0.356 0.419) (layer Dwgs.User) (width 0.1016))
    (fp_poly (pts (xy -0.8382 -0.4801) (xy -0.3381 -0.4801) (xy -0.3381 0.4699) (xy -0.8382 0.4699)) (layer Dwgs.User) (width 0))
    (fp_poly (pts (xy 0.3302 -0.4801) (xy 0.8303 -0.4801) (xy 0.8303 0.4699) (xy 0.3302 0.4699)) (layer Dwgs.User) (width 0))
    (fp_poly (pts (xy -0.1999 -0.3) (xy 0.1999 -0.3) (xy 0.1999 0.3) (xy -0.1999 0.3)) (layer Dwgs.User) (width 0))
    (pad 1 smd rect (at -0.85 0 270) (size 1.1 1) (layers F.Cu F.Paste F.Mask)
      (net 6 /OUT_4))
    (pad 2 smd rect (at 0.85 0 270) (size 1.1 1) (layers F.Cu F.Paste F.Mask)
      (net 1 GND))
  )

  (module 0603-NO:0603-NO (layer F.Cu) (tedit 5C347E34) (tstamp 5C352550)
    (at 160.655 80.96 270)
    (path /5CCA01D3)
    (attr smd)
    (fp_text reference C14 (at 0 -1.27 270) (layer F.SilkS)
      (effects (font (size 0.64 0.64) (thickness 0.05)))
    )
    (fp_text value 10uf (at 2.794 0.5588 270) (layer F.SilkS) hide
      (effects (font (size 0.32 0.32) (thickness 0.05)))
    )
    (fp_line (start -1.473 -0.729) (end 1.473 -0.729) (layer Eco1.User) (width 0.0508))
    (fp_line (start 1.473 -0.729) (end 1.473 0.729) (layer Eco1.User) (width 0.0508))
    (fp_line (start 1.473 0.729) (end -1.473 0.729) (layer Eco1.User) (width 0.0508))
    (fp_line (start -1.473 0.729) (end -1.473 -0.729) (layer Eco1.User) (width 0.0508))
    (fp_line (start -0.356 -0.432) (end 0.356 -0.432) (layer Dwgs.User) (width 0.1016))
    (fp_line (start -0.356 0.419) (end 0.356 0.419) (layer Dwgs.User) (width 0.1016))
    (fp_poly (pts (xy -0.8382 -0.4801) (xy -0.3381 -0.4801) (xy -0.3381 0.4699) (xy -0.8382 0.4699)) (layer Dwgs.User) (width 0))
    (fp_poly (pts (xy 0.3302 -0.4801) (xy 0.8303 -0.4801) (xy 0.8303 0.4699) (xy 0.3302 0.4699)) (layer Dwgs.User) (width 0))
    (fp_poly (pts (xy -0.1999 -0.3) (xy 0.1999 -0.3) (xy 0.1999 0.3) (xy -0.1999 0.3)) (layer Dwgs.User) (width 0))
    (pad 1 smd rect (at -0.85 0 270) (size 1.1 1) (layers F.Cu F.Paste F.Mask)
      (net 8 VCC))
    (pad 2 smd rect (at 0.85 0 270) (size 1.1 1) (layers F.Cu F.Paste F.Mask)
      (net 1 GND))
  )

  (module 0603-NO:0603-NO (layer F.Cu) (tedit 5C347E2E) (tstamp 5C352526)
    (at 163.83 80.96 270)
    (path /5CCA01E3)
    (attr smd)
    (fp_text reference C15 (at 0 -1.27 270) (layer F.SilkS)
      (effects (font (size 0.64 0.64) (thickness 0.05)))
    )
    (fp_text value 10uf (at 2.794 0.5588 270) (layer F.SilkS) hide
      (effects (font (size 0.32 0.32) (thickness 0.05)))
    )
    (fp_poly (pts (xy -0.1999 -0.3) (xy 0.1999 -0.3) (xy 0.1999 0.3) (xy -0.1999 0.3)) (layer Dwgs.User) (width 0))
    (fp_poly (pts (xy 0.3302 -0.4801) (xy 0.8303 -0.4801) (xy 0.8303 0.4699) (xy 0.3302 0.4699)) (layer Dwgs.User) (width 0))
    (fp_poly (pts (xy -0.8382 -0.4801) (xy -0.3381 -0.4801) (xy -0.3381 0.4699) (xy -0.8382 0.4699)) (layer Dwgs.User) (width 0))
    (fp_line (start -0.356 0.419) (end 0.356 0.419) (layer Dwgs.User) (width 0.1016))
    (fp_line (start -0.356 -0.432) (end 0.356 -0.432) (layer Dwgs.User) (width 0.1016))
    (fp_line (start -1.473 0.729) (end -1.473 -0.729) (layer Eco1.User) (width 0.0508))
    (fp_line (start 1.473 0.729) (end -1.473 0.729) (layer Eco1.User) (width 0.0508))
    (fp_line (start 1.473 -0.729) (end 1.473 0.729) (layer Eco1.User) (width 0.0508))
    (fp_line (start -1.473 -0.729) (end 1.473 -0.729) (layer Eco1.User) (width 0.0508))
    (pad 2 smd rect (at 0.85 0 270) (size 1.1 1) (layers F.Cu F.Paste F.Mask)
      (net 1 GND))
    (pad 1 smd rect (at -0.85 0 270) (size 1.1 1) (layers F.Cu F.Paste F.Mask)
      (net 5 /OUT_3))
  )

  (module 0603-NO:0603-NO (layer F.Cu) (tedit 5C347F2A) (tstamp 5C35247B)
    (at 172.72 86.36 270)
    (path /5CC61378)
    (attr smd)
    (fp_text reference C16 (at 0 -1.27 270) (layer F.SilkS)
      (effects (font (size 0.64 0.64) (thickness 0.05)))
    )
    (fp_text value 10uf (at 2.794 0.5588 270) (layer F.SilkS) hide
      (effects (font (size 0.32 0.32) (thickness 0.05)))
    )
    (fp_line (start -1.473 -0.729) (end 1.473 -0.729) (layer Eco1.User) (width 0.0508))
    (fp_line (start 1.473 -0.729) (end 1.473 0.729) (layer Eco1.User) (width 0.0508))
    (fp_line (start 1.473 0.729) (end -1.473 0.729) (layer Eco1.User) (width 0.0508))
    (fp_line (start -1.473 0.729) (end -1.473 -0.729) (layer Eco1.User) (width 0.0508))
    (fp_line (start -0.356 -0.432) (end 0.356 -0.432) (layer Dwgs.User) (width 0.1016))
    (fp_line (start -0.356 0.419) (end 0.356 0.419) (layer Dwgs.User) (width 0.1016))
    (fp_poly (pts (xy -0.8382 -0.4801) (xy -0.3381 -0.4801) (xy -0.3381 0.4699) (xy -0.8382 0.4699)) (layer Dwgs.User) (width 0))
    (fp_poly (pts (xy 0.3302 -0.4801) (xy 0.8303 -0.4801) (xy 0.8303 0.4699) (xy 0.3302 0.4699)) (layer Dwgs.User) (width 0))
    (fp_poly (pts (xy -0.1999 -0.3) (xy 0.1999 -0.3) (xy 0.1999 0.3) (xy -0.1999 0.3)) (layer Dwgs.User) (width 0))
    (pad 1 smd rect (at -0.85 0 270) (size 1.1 1) (layers F.Cu F.Paste F.Mask)
      (net 8 VCC))
    (pad 2 smd rect (at 0.85 0 270) (size 1.1 1) (layers F.Cu F.Paste F.Mask)
      (net 1 GND))
  )

  (module 0603-NO:0603-NO (layer F.Cu) (tedit 5C347F32) (tstamp 5C351EF0)
    (at 172.72 91.44 270)
    (path /5CC7FC1E)
    (attr smd)
    (fp_text reference C17 (at 0 -1.27 270) (layer F.SilkS)
      (effects (font (size 0.64 0.64) (thickness 0.05)))
    )
    (fp_text value 10uf (at 2.794 0.5588 270) (layer F.SilkS) hide
      (effects (font (size 0.32 0.32) (thickness 0.05)))
    )
    (fp_line (start -1.473 -0.729) (end 1.473 -0.729) (layer Eco1.User) (width 0.0508))
    (fp_line (start 1.473 -0.729) (end 1.473 0.729) (layer Eco1.User) (width 0.0508))
    (fp_line (start 1.473 0.729) (end -1.473 0.729) (layer Eco1.User) (width 0.0508))
    (fp_line (start -1.473 0.729) (end -1.473 -0.729) (layer Eco1.User) (width 0.0508))
    (fp_line (start -0.356 -0.432) (end 0.356 -0.432) (layer Dwgs.User) (width 0.1016))
    (fp_line (start -0.356 0.419) (end 0.356 0.419) (layer Dwgs.User) (width 0.1016))
    (fp_poly (pts (xy -0.8382 -0.4801) (xy -0.3381 -0.4801) (xy -0.3381 0.4699) (xy -0.8382 0.4699)) (layer Dwgs.User) (width 0))
    (fp_poly (pts (xy 0.3302 -0.4801) (xy 0.8303 -0.4801) (xy 0.8303 0.4699) (xy 0.3302 0.4699)) (layer Dwgs.User) (width 0))
    (fp_poly (pts (xy -0.1999 -0.3) (xy 0.1999 -0.3) (xy 0.1999 0.3) (xy -0.1999 0.3)) (layer Dwgs.User) (width 0))
    (pad 1 smd rect (at -0.85 0 270) (size 1.1 1) (layers F.Cu F.Paste F.Mask)
      (net 8 VCC))
    (pad 2 smd rect (at 0.85 0 270) (size 1.1 1) (layers F.Cu F.Paste F.Mask)
      (net 1 GND))
  )

  (module 0603-NO:0603-NO (layer F.Cu) (tedit 5C347F2F) (tstamp 5C351F1A)
    (at 175.26 86.36 270)
    (path /5CC61388)
    (attr smd)
    (fp_text reference C18 (at 0 -1.27 270) (layer F.SilkS)
      (effects (font (size 0.64 0.64) (thickness 0.05)))
    )
    (fp_text value 10uf (at 2.794 0.5588 270) (layer F.SilkS) hide
      (effects (font (size 0.32 0.32) (thickness 0.05)))
    )
    (fp_poly (pts (xy -0.1999 -0.3) (xy 0.1999 -0.3) (xy 0.1999 0.3) (xy -0.1999 0.3)) (layer Dwgs.User) (width 0))
    (fp_poly (pts (xy 0.3302 -0.4801) (xy 0.8303 -0.4801) (xy 0.8303 0.4699) (xy 0.3302 0.4699)) (layer Dwgs.User) (width 0))
    (fp_poly (pts (xy -0.8382 -0.4801) (xy -0.3381 -0.4801) (xy -0.3381 0.4699) (xy -0.8382 0.4699)) (layer Dwgs.User) (width 0))
    (fp_line (start -0.356 0.419) (end 0.356 0.419) (layer Dwgs.User) (width 0.1016))
    (fp_line (start -0.356 -0.432) (end 0.356 -0.432) (layer Dwgs.User) (width 0.1016))
    (fp_line (start -1.473 0.729) (end -1.473 -0.729) (layer Eco1.User) (width 0.0508))
    (fp_line (start 1.473 0.729) (end -1.473 0.729) (layer Eco1.User) (width 0.0508))
    (fp_line (start 1.473 -0.729) (end 1.473 0.729) (layer Eco1.User) (width 0.0508))
    (fp_line (start -1.473 -0.729) (end 1.473 -0.729) (layer Eco1.User) (width 0.0508))
    (pad 2 smd rect (at 0.85 0 270) (size 1.1 1) (layers F.Cu F.Paste F.Mask)
      (net 1 GND))
    (pad 1 smd rect (at -0.85 0 270) (size 1.1 1) (layers F.Cu F.Paste F.Mask)
      (net 3 /OUT_1))
  )

  (module 0603-NO:0603-NO (layer F.Cu) (tedit 5C347F35) (tstamp 5C351F80)
    (at 175.26 91.44 270)
    (path /5CC7FC2E)
    (attr smd)
    (fp_text reference C19 (at 0.42 -1.27 270) (layer F.SilkS)
      (effects (font (size 0.64 0.64) (thickness 0.05)))
    )
    (fp_text value 10uf (at 2.794 0.5588 270) (layer F.SilkS) hide
      (effects (font (size 0.32 0.32) (thickness 0.05)))
    )
    (fp_poly (pts (xy -0.1999 -0.3) (xy 0.1999 -0.3) (xy 0.1999 0.3) (xy -0.1999 0.3)) (layer Dwgs.User) (width 0))
    (fp_poly (pts (xy 0.3302 -0.4801) (xy 0.8303 -0.4801) (xy 0.8303 0.4699) (xy 0.3302 0.4699)) (layer Dwgs.User) (width 0))
    (fp_poly (pts (xy -0.8382 -0.4801) (xy -0.3381 -0.4801) (xy -0.3381 0.4699) (xy -0.8382 0.4699)) (layer Dwgs.User) (width 0))
    (fp_line (start -0.356 0.419) (end 0.356 0.419) (layer Dwgs.User) (width 0.1016))
    (fp_line (start -0.356 -0.432) (end 0.356 -0.432) (layer Dwgs.User) (width 0.1016))
    (fp_line (start -1.473 0.729) (end -1.473 -0.729) (layer Eco1.User) (width 0.0508))
    (fp_line (start 1.473 0.729) (end -1.473 0.729) (layer Eco1.User) (width 0.0508))
    (fp_line (start 1.473 -0.729) (end 1.473 0.729) (layer Eco1.User) (width 0.0508))
    (fp_line (start -1.473 -0.729) (end 1.473 -0.729) (layer Eco1.User) (width 0.0508))
    (pad 2 smd rect (at 0.85 0 270) (size 1.1 1) (layers F.Cu F.Paste F.Mask)
      (net 1 GND))
    (pad 1 smd rect (at -0.85 0 270) (size 1.1 1) (layers F.Cu F.Paste F.Mask)
      (net 4 /OUT_2))
  )

  (module MIC5225-5.0YM5-TR:SOT95P280X130-5N (layer F.Cu) (tedit 5C347EE5) (tstamp 5C351AB1)
    (at 168.295 81.28)
    (descr "<b>5-Pin SOT23 (M5)</b><br>")
    (path /5CA2BF1E)
    (attr smd)
    (fp_text reference IC1 (at -0.02 -2.54) (layer F.SilkS)
      (effects (font (size 1.00302 1.00302) (thickness 0.05)))
    )
    (fp_text value MIC1 (at -5.1 -1.27) (layer F.SilkS) hide
      (effects (font (size 1.00221 1.00221) (thickness 0.05)))
    )
    (fp_line (start -1.85 -1.5) (end -0.65 -1.5) (layer Dwgs.User) (width 0.2))
    (fp_line (start -0.3 1.45) (end -0.3 -1.45) (layer Dwgs.User) (width 0.2))
    (fp_line (start 0.3 1.45) (end -0.3 1.45) (layer Dwgs.User) (width 0.2))
    (fp_line (start 0.3 -1.45) (end 0.3 1.45) (layer Dwgs.User) (width 0.2))
    (fp_line (start -0.3 -1.45) (end 0.3 -1.45) (layer Dwgs.User) (width 0.2))
    (fp_line (start -0.8 -0.5) (end 0.15 -1.45) (layer Dwgs.User) (width 0.1))
    (fp_line (start -0.8 1.45) (end -0.8 -1.45) (layer Dwgs.User) (width 0.1))
    (fp_line (start 0.8 1.45) (end -0.8 1.45) (layer Dwgs.User) (width 0.1))
    (fp_line (start 0.8 -1.45) (end 0.8 1.45) (layer Dwgs.User) (width 0.1))
    (fp_line (start -0.8 -1.45) (end 0.8 -1.45) (layer Dwgs.User) (width 0.1))
    (fp_line (start -2.1 1.75) (end -2.1 -1.75) (layer F.SilkS) (width 0.05))
    (fp_line (start 2.1 1.75) (end -2.1 1.75) (layer F.SilkS) (width 0.05))
    (fp_line (start 2.1 -1.75) (end 2.1 1.75) (layer F.SilkS) (width 0.05))
    (fp_line (start -2.1 -1.75) (end 2.1 -1.75) (layer F.SilkS) (width 0.05))
    (pad 5 smd rect (at 1.25 -0.95) (size 1.2 0.6) (layers F.Cu F.Paste F.Mask)
      (net 2 /OUT_0))
    (pad 4 smd rect (at 1.25 0.95) (size 1.2 0.6) (layers F.Cu F.Paste F.Mask)
      (net 9 "Net-(IC1-Pad4)"))
    (pad 3 smd rect (at -1.25 0.95) (size 1.2 0.6) (layers F.Cu F.Paste F.Mask)
      (net 8 VCC))
    (pad 2 smd rect (at -1.25 0) (size 1.2 0.6) (layers F.Cu F.Paste F.Mask)
      (net 1 GND))
    (pad 1 smd rect (at -1.25 -0.95) (size 1.2 0.6) (layers F.Cu F.Paste F.Mask)
      (net 8 VCC))
  )

  (module MIC5225-5.0YM5-TR:SOT95P280X130-5N (layer F.Cu) (tedit 5C347ED6) (tstamp 5C351FB2)
    (at 156.23 91.44)
    (descr "<b>5-Pin SOT23 (M5)</b><br>")
    (path /5CCE8DE1)
    (attr smd)
    (fp_text reference IC2 (at -0.02 -2.54) (layer F.SilkS)
      (effects (font (size 1.00302 1.00302) (thickness 0.05)))
    )
    (fp_text value MIC6 (at -5.1 -1.27) (layer F.SilkS) hide
      (effects (font (size 1.00221 1.00221) (thickness 0.05)))
    )
    (fp_line (start -2.1 -1.75) (end 2.1 -1.75) (layer F.SilkS) (width 0.05))
    (fp_line (start 2.1 -1.75) (end 2.1 1.75) (layer F.SilkS) (width 0.05))
    (fp_line (start 2.1 1.75) (end -2.1 1.75) (layer F.SilkS) (width 0.05))
    (fp_line (start -2.1 1.75) (end -2.1 -1.75) (layer F.SilkS) (width 0.05))
    (fp_line (start -0.8 -1.45) (end 0.8 -1.45) (layer Dwgs.User) (width 0.1))
    (fp_line (start 0.8 -1.45) (end 0.8 1.45) (layer Dwgs.User) (width 0.1))
    (fp_line (start 0.8 1.45) (end -0.8 1.45) (layer Dwgs.User) (width 0.1))
    (fp_line (start -0.8 1.45) (end -0.8 -1.45) (layer Dwgs.User) (width 0.1))
    (fp_line (start -0.8 -0.5) (end 0.15 -1.45) (layer Dwgs.User) (width 0.1))
    (fp_line (start -0.3 -1.45) (end 0.3 -1.45) (layer Dwgs.User) (width 0.2))
    (fp_line (start 0.3 -1.45) (end 0.3 1.45) (layer Dwgs.User) (width 0.2))
    (fp_line (start 0.3 1.45) (end -0.3 1.45) (layer Dwgs.User) (width 0.2))
    (fp_line (start -0.3 1.45) (end -0.3 -1.45) (layer Dwgs.User) (width 0.2))
    (fp_line (start -1.85 -1.5) (end -0.65 -1.5) (layer Dwgs.User) (width 0.2))
    (pad 1 smd rect (at -1.25 -0.95) (size 1.2 0.6) (layers F.Cu F.Paste F.Mask)
      (net 8 VCC))
    (pad 2 smd rect (at -1.25 0) (size 1.2 0.6) (layers F.Cu F.Paste F.Mask)
      (net 1 GND))
    (pad 3 smd rect (at -1.25 0.95) (size 1.2 0.6) (layers F.Cu F.Paste F.Mask)
      (net 8 VCC))
    (pad 4 smd rect (at 1.25 0.95) (size 1.2 0.6) (layers F.Cu F.Paste F.Mask)
      (net 10 "Net-(IC2-Pad4)"))
    (pad 5 smd rect (at 1.25 -0.95) (size 1.2 0.6) (layers F.Cu F.Paste F.Mask)
      (net 7 /OUT_5))
  )

  (module MIC5225-5.0YM5-TR:SOT95P280X130-5N (layer F.Cu) (tedit 5C347ED3) (tstamp 5C351D81)
    (at 156.23 86.36)
    (descr "<b>5-Pin SOT23 (M5)</b><br>")
    (path /5CCC2F12)
    (attr smd)
    (fp_text reference IC3 (at -0.02 -2.54) (layer F.SilkS)
      (effects (font (size 1.00302 1.00302) (thickness 0.05)))
    )
    (fp_text value MIC5 (at -5.1 -1.27) (layer F.SilkS) hide
      (effects (font (size 1.00221 1.00221) (thickness 0.05)))
    )
    (fp_line (start -2.1 -1.75) (end 2.1 -1.75) (layer F.SilkS) (width 0.05))
    (fp_line (start 2.1 -1.75) (end 2.1 1.75) (layer F.SilkS) (width 0.05))
    (fp_line (start 2.1 1.75) (end -2.1 1.75) (layer F.SilkS) (width 0.05))
    (fp_line (start -2.1 1.75) (end -2.1 -1.75) (layer F.SilkS) (width 0.05))
    (fp_line (start -0.8 -1.45) (end 0.8 -1.45) (layer Dwgs.User) (width 0.1))
    (fp_line (start 0.8 -1.45) (end 0.8 1.45) (layer Dwgs.User) (width 0.1))
    (fp_line (start 0.8 1.45) (end -0.8 1.45) (layer Dwgs.User) (width 0.1))
    (fp_line (start -0.8 1.45) (end -0.8 -1.45) (layer Dwgs.User) (width 0.1))
    (fp_line (start -0.8 -0.5) (end 0.15 -1.45) (layer Dwgs.User) (width 0.1))
    (fp_line (start -0.3 -1.45) (end 0.3 -1.45) (layer Dwgs.User) (width 0.2))
    (fp_line (start 0.3 -1.45) (end 0.3 1.45) (layer Dwgs.User) (width 0.2))
    (fp_line (start 0.3 1.45) (end -0.3 1.45) (layer Dwgs.User) (width 0.2))
    (fp_line (start -0.3 1.45) (end -0.3 -1.45) (layer Dwgs.User) (width 0.2))
    (fp_line (start -1.85 -1.5) (end -0.65 -1.5) (layer Dwgs.User) (width 0.2))
    (pad 1 smd rect (at -1.25 -0.95) (size 1.2 0.6) (layers F.Cu F.Paste F.Mask)
      (net 8 VCC))
    (pad 2 smd rect (at -1.25 0) (size 1.2 0.6) (layers F.Cu F.Paste F.Mask)
      (net 1 GND))
    (pad 3 smd rect (at -1.25 0.95) (size 1.2 0.6) (layers F.Cu F.Paste F.Mask)
      (net 8 VCC))
    (pad 4 smd rect (at 1.25 0.95) (size 1.2 0.6) (layers F.Cu F.Paste F.Mask)
      (net 11 "Net-(IC3-Pad4)"))
    (pad 5 smd rect (at 1.25 -0.95) (size 1.2 0.6) (layers F.Cu F.Paste F.Mask)
      (net 6 /OUT_4))
  )

  (module MIC5225-5.0YM5-TR:SOT95P280X130-5N (layer F.Cu) (tedit 5C347EA6) (tstamp 5C351658)
    (at 156.23 80.96)
    (descr "<b>5-Pin SOT23 (M5)</b><br>")
    (path /5CCA01BF)
    (attr smd)
    (fp_text reference IC4 (at -0.02 -2.54) (layer F.SilkS)
      (effects (font (size 1.00302 1.00302) (thickness 0.05)))
    )
